9690078
93594
1767459
2104737
9171039
-8195271
-6673745
6859712
-242718
5725937
-8435348
-3037796
-5668773
5520595
5615339
-3559045
869312
9776572
4365537
9472359
-6252033
-4419016
-6880901
2726781
2592576
-9211441
1865819
1471436
-1702645
4219960
6401325
8774337
-9162369
-9134047
-7452107
-1279934
-5810628
-8830615
-4730257
-6300028
2175153
-5087487
-4903719
4056661
-9806583
-2588505
-4687205
6009632
1641230
-5883693
-4238251
-6605568
8638555
1157717
-9147923
-1366041
-8500641
3565543
4037026
2907344
-5536225
-3620316
-6912778
62187
3849477
7315180
-9350562
7990139
-2502433
-8579862
6776449
-5775208
-968305
-4809570
-8177929
3360319
5009568
-6412697
-2941771
9705945
629
381051
4355070
8705913
-7016924
-2468242
4660646
-5795221
4538741
-1561200
-8254428
-4851307
-8342777
-3112737
3761061
-9679666
6350156
-441041
4732049
7403101
-8713078
-8152479
-6963069
-5254042
-8135277
6061821
-1112398
-2027010
-6139489
-7983377
-1850744
2436921
-8967821
-1144054
7431581
-1392411
-3450522
8906174
-8396024
-9157416
7179399
969524
7976263
3583632
4199431
-3847379
7092434
6669296
-4045767
6026602
1535028
9975474
-6619881
-5820008
2943888
-7322027
-8131015
-5866022
1366055
-8553880
3169021
-8787479
4869133
-2953017
4814409
-6166484
8641378
-2673858
-6019453
9678337
